function I = itable;
% Table I from Batschelet. For use with pFromCritical
% INPUT
% void = 
% OUTPUT
% I = The table
%
% BK -  16.8.2001 - last change $Date: 2001/08/23 19:18:05 $ by $Author: bart $
% $Revision: 1.3 $

I = [NaN	0.1	0.05	0.01	0.001;
5	1.3051	1.6524	2.2505	2.7938;
6	1.3009	1.6509	2.264	2.8502;
7	1.298	1.6499	2.2734	2.8886;
8	1.2958	1.6492	2.2803	2.9164;
9	1.2942	1.6484	2.2856	2.9375;
10	1.2929	1.6482	2.2899	2.954;
11	1.2918	1.6479	2.2933	2.9672;
12	1.2909	1.6476	2.2961	2.9782;
13	1.2902	1.6474	2.2985	2.9873;
14	1.2895	1.6472	2.3006	2.995;
15	1.289	1.647	2.3023	3.0017;
16	1.2885	1.6469	2.3039	3.0075;
17	1.2881	1.6467	2.3052	3.0126;
18	1.2877	1.6466	2.3064	3.0171;
19	1.2874	1.6465	2.3075	3.0211;
20	1.2871	1.6464	2.3085	3.0247;
21	1.2868	1.6464	2.3093	3.0279;
22	1.2866	1.6463	2.3101	3.0308;
23	1.2864	1.6462	2.3108	3.0335;
24	1.2862	1.6462	2.3115	3.0359;
25	1.286	1.6461	2.3121	3.0382;
26	1.2858	1.6461	2.3127	3.0402;
27	1.2856	1.646	2.3132	3.0421;
28	1.2855	1.646	2.3136	3.0439;
29	1.2853	1.6459	2.3141	3.0455;
30	1.2852	1.6459	2.3145	3.0471;
40	1.2843	1.6456	2.3175	3.058;
50	1.2837	1.6455	2.3193	3.0646;
60	1.2834	1.6454	2.3205	3.0689
70	1.2831	1.6453	2.3213	3.072;
100	1.2826	1.6452	2.3228	3.0775;
500	1.2818	1.6449	2.3256	3.0877;
1000	1.2817	1.6449	2.326	3.089];
