function L = ltable;
% Table L from Batschelet. For use with pFromCritical
% INPUT
% void = 
% OUTPUT
% L = The table
%
% BK -  16.8.2001 - last change $Date: 2001/08/23 19:18:05 $ by $Author: bart $
% $Revision: 1.3 $


L = [NaN	0.1	0.05	0.01;
4	171.7	186.5	221;
5	168.8	183.6	212;
6	166.3	180.7	206;
7	164.9	177.8	202.7;
8	163.4	175.7	198.4;
9	162.4	173.5	195.1;
10	161.3	172.1	192.2;
11	160.2	170.3	189.7;
12	159.2	169.2	187.6;
13	158.4	167.8	185.8;
14	157.7	166.7	184;
15	157	165.6	182.2;
16	156.6	164.9	180.7;
17	155.9	164.2	179.6;
18	155.2	163.1	178.2;
19	154.8	162.4	177.1;
20	154.4	161.6	176;
25	152.7	158.9	171.9;
30	151.4	156.7	168.8;
35	150.3	155	166.4;
40	149.5	153.6	164.4;
45	148.7	152.4	162.7;
50	148.1	151.4	161.2;
100	143.7	146.8	152.8;
200	140.4	142.6	146.8];

