function N = ntable;
% Table N from Batschelet. For use with pFromCritical
% INPUT
% void = 
% OUTPUT
% N = The table
%
% BK -  16.8.2001 - last change $Date: 2001/08/23 19:18:05 $ by $Author: bart $
% $Revision: 1.3 $


N = [NaN	0.1	0.05	0.01	0.001;
5	1.458	1.565	1.763	1.97;
6	1.471	1.582	1.793	2.02;
7	1.483	1.598	1.814	2.051;
8	1.493	1.608	1.83	2.077;
9	1.5	1.618	1.843	2.097;
10	1.507	1.625	1.854	2.113;
11	1.513	1.631	1.862	2.126;
12	1.517	1.637	1.87	2.137;
13	1.522	1.642	1.876	2.146;
14	1.525	1.646	1.882	2.154;
15	1.529	1.65	1.887	2.161;
16	1.532	1.653	1.892	2.168;
17	1.534	1.657	1.896	2.173;
18	1.537	1.659	1.899	2.178;
19	1.539	1.662	1.903	2.183;
20	1.541	1.664	1.906	2.187;
21	1.543	1.667	1.908	2.191;
22	1.545	1.669	1.911	2.194;
23	1.547	1.67	1.913	2.198;
24	1.549	1.672	1.916	2.201;
25	1.55	1.674	1.918	2.203;
30	1.556	1.681	1.926	2.215;
35	1.561	1.686	1.933	2.223;
40	1.565	1.69	1.938	2.23;
45	1.568	1.694	1.942	2.235;
50	1.571	1.697	1.946	2.239;
100	1.588	1.714	1.965	2.262;
200	1.6	1.726	1.979	2.279;
500	1.61	1.737	1.99	2.292;
1000	1.62	1.747	2.001	2.303];
