function O = otable;
% Table O from Batschelet. For use with pFromCritical
% INPUT
% void = 
% OUTPUT
% O = The table
%
% BK -  16.8.2001 - last change $Date: 2001/08/18 08:46:32 $ by $Author: bart $
% $Revision: 1.1 $

O= [NaN	0.1	0.05	0.01	0.005;
2	0.143	0.155	0.164	0.165;
3	0.145	0.173	0.213	0.224;
4	0.146	0.176	0.233	0.252;
5	0.148	0.177	0.238	0.262;
6	0.149	0.179	0.243	0.269;
7	0.149	0.18	0.247	0.274;
8	0.15	0.181	0.25	0.278;
9	0.15	0.182	0.252	0.281;
10	0.15	0.182	0.254	0.283;
12	0.15	0.183	0.256	0.287;
14	0.151	0.184	0.258	0.29;
16	0.151	0.184	0.259	0.291;
18	0.151	0.184	0.259	0.292;
20	0.151	0.185	0.261	0.293;
30	0.152	0.185	0.263	0.296;
40	0.152	0.186	0.264	0.298;
50	0.152	0.186	0.265	0.299;
100	0.152	0.186	0.266	0.301;
500	0.152	0.187	0.267	0.302];
