function P = ptable;
% Table P from Batschelet. For use with pFromCritical.
% INPUT
% void = No Input
% OUTPUT
% P = The whole table.
%
% BK - 3.12.2000 - Last change $Date: 2001/08/23 19:18:05 $ by $Author: bart $
% $Revision: 1.3 $


P = [NaN	0.1	0.05	0.01	0.001;
2	1.049	1.058	1.061	1.061;
3	1.039	1.095	1.143	1.154;
4	1.008	1.09	1.192	1.238;
5	0.988	1.084	1.216	1.298;
6	0.972	1.074	1.23	1.345;
7	0.959	1.066	1.238	1.373;
8	0.949	1.059	1.242	1.397;
9	0.94	1.053	1.245	1.416;
10	0.934	1.048	1.248	1.432;
12	0.926	1.042	1.252	1.456;
14	0.92	1.037	1.252	1.47;
16	0.914	1.031	1.25	1.48;
18	0.91	1.027	1.248	1.487;
20	0.906	1.024	1.247	1.492;
22	0.903	1.022	1.246	1.496;
24	0.901	1.021	1.246	1.499;
26	0.899	1.019	1.246	1.501;
28	0.897	1.018	1.246	1.502;
30	0.896	1.016	1.245	1.502;
40	0.891	1.012	1.243	1.504;
60	0.887	1.007	1.241	1.506;
80	0.883	1.005	1.24	1.508;
100	0.881	1.004	1.24	1.509;
500	0.876	0.999	1.239	1.517];

