function Q = qtable;
% Table Q from Batschelet. 
% INPUT
% void = 
% OUTPUT
% Q = The table
%
% BK -  16.8.2001 - last change $Date: 2001/08/21 03:40:55 $ by $Author: bart $
% $Revision: 1.2 $


%[n n1 p...]

Q = [NaN NaN	0.1	0.05	0.01	0.001;
8	4	6.83	NaN	NaN	NaN;
9	3	6.41	NaN	NaN	NaN;
9	4	4.88	8.29	NaN	NaN;
10	3	6.85	NaN	NaN	NaN;
10	4	6.24	9.47	NaN	NaN;
10	5	6.85	10.47	NaN	NaN;
11	3	5.23	7.2	NaN	NaN;
11	4	7.43	10.42	NaN	NaN;
11	5	6.6	8.74	12.34	NaN;
12	3	5.73	7.46	NaN	NaN;
12	4	7.46	8.46	11.2	NaN;
12	5	7.46	10.46	13.93	NaN;
12	6	7.46	11.2	14.93	NaN;
13	3	6.15	7.68	NaN	NaN;
13	4	7.03	9.35	11.83	NaN;
13	5	7.39	10.15	15.26	NaN;
13	6	8.04	10.42	17.31	NaN;
14	3	6.49	7.85	NaN	NaN;
14	4	7.6	9.3	12.34	NaN;
14	5	7.85	10.3	16.39	NaN;
14	6	7.94	12.21	15.59	19.2;
14	7	8.85	11.65	16.39	20.2;
15	3	6.78	7.99	NaN	NaN;
15	4	7.91	8.74	12.78	NaN;
15	5	7.91	10.36	14.52	17.35;
15	6	9.12	11.61	17.48	20.92;
15	7	9.06	11.57	16.14	22.88;
16	3	5.83	8.11	NaN	NaN;
16	4	7.38	9.44	13.14	NaN;
16	5	9.03	10.44	15.55	18.16;
16	6	9.11	11.54	16.98	22.43;
16	7	9.78	12.66	18.16	25.27;
17	3	6.14	7.23	8.21	NaN;
17	4	7.64	9.74	11.76	13.44;
17	5	8.76	11.03	16.44	18.86;
17	6	9.41	12.21	17.76	23.73;
17	7	10.11	12.63	17.98	27.4;
17	8	10.15	13.36	19.11	29.37];
