function W = wtable;
% Table W from Batschelet.
% INPUT
% void = 
% OUTPUT
% W = The table
%
% BK -  16.8.2001 - last change $Date: 2001/08/21 03:40:55 $ by $Author: bart $
% $Revision: 1.2 $


%n	r2	P
W  =  [
5	1	0.0833;
5	0.5236	0.5;
6	1	0.0167;
6	0.6944	0.1167;
6	0.4444	0.2667;
6	0.3611	0.4667;
7	1	0.0028;
7	0.7964	0.0222;
7	0.616	0.0611;
7	0.5223	0.1;
7	0.2597	0.4889;
8	1	0.0004;
8	0.8589	0.0036;
8	0.7286	0.0115;
8	0.5625	0.0274;
8	0.5335	0.0528;
8	0.4321	0.098;
8	0.4063	0.1107;
8	0.2134	0.4774;
9	0.8987	0.0005;
9	0.6273	0.0096;
9	0.4474	0.0515;
9	0.37	0.1;
9	0.15	0.5;
10	0.84	0.001;
10	0.59	0.01;
10	0.41	0.05;
10	0.33	0.1;
10	0.14	0.5;
11	0.76	0.001;
11	53	0.01;
11	0.37	0.05;
11	0.3	0.1;
11	0.12	0.5;
12	0.69	0.001;
12	0.48	0.01;
12	0.33	0.05;
12	0.27	0.1;
12	0.11	0.5;
13	0.63	0.001;
13	0.44	0.01;
13	0.31	0.05;
13	0.25	0.1;
13	0.1	0.5;
14	0.58	0.001;
14	0.41	0.01;
14	0.28	0.05;
14	0.23	0.1;
14	0.09	0.5;
15	0.54	0.001;
15	0.38	0.01;
15	0.26	0.05;
15	0.21	0.1;
15	0.09	0.5;
16	0.51	0.001;
16	0.35	0.01;
16	0.25	0.05;
16	0.2	0.1;
16	0.08	0.5;
17	0.48	0.001;
17	0.33	0.01;
17	0.23	0.05;
17	0.19	0.1;
17	0.08	0.5;
18	0.45	0.001;
18	0.31	0.01;
18	0.22	0.05;
18	0.17	0.1;
18	0.07	0.5;
19	0.42	0.001;
19	0.29	0.01;
19	0.2	0.05;
19	0.16	0.1;
19	0.07	0.5;
20	0.4	0.001;
20	0.28	0.01;
20	0.19	0.05;
20	0.16	0.1;
20	0.06	0.5];
