function X = xtable;
% Table X from Batschelet.  For use with pFromCritical.
% INPUT
% void = 
% OUTPUT
% X = The table
%
% BK -  16.8.2001 - last change $Date: 2001/08/21 03:40:55 $ by $Author: bart $
% $Revision: 1.2 $

X = [NaN	0.1	0.05	0.01;
5	3.968	NaN	NaN;
6	4.572	4.667	4.952;
7	4.296	4.896	5.747;
8	4.488	5.17	6.148;
9	4.503	5.339	6.639;
10	4.524	5.48	6.679;
11	4.55	5.5	7.2;
12	4.57	5.6	7.5;
15	4.59	5.7	7.9;
20	4.6	5.8	8.3;
30	4.6	5.9	8.7;
40	4.6	5.9	8.8;
50	4.61	6	8.9;
100	4.61	6	9.1];

